# yamllint disable
ACC: 0.27085262871152277
end-of-epoch: true
epoch: 9
unixtime: 1743544990.2015805
