# yamllint disable
ACC: 0.2630482157450286
end-of-epoch: true
epoch: 6
unixtime: 1743525701.7061162
