# yamllint disable
ACC: 0.2560610187959684
end-of-epoch: true
epoch: 3
unixtime: 1743506404.1768665
