# yamllint disable
ACC: 0.25275129392536094
end-of-epoch: true
epoch: 4
unixtime: 1743512882.9147294
