# yamllint disable
ACC: 0.26362026695723234
end-of-epoch: true
epoch: 7
unixtime: 1743532188.861016
