# yamllint disable
ACC: 0.2462135657858894
end-of-epoch: true
epoch: 2
unixtime: 1743499963.6083899
