# yamllint disable
ACC: 0.213307000817216
end-of-epoch: true
epoch: 1
unixtime: 1743493565.9967563
