# yamllint disable
ACC: 0.26870062653228005
end-of-epoch: true
epoch: 8
unixtime: 1743538639.5646126
