# yamllint disable
ACC: 0.26299373467719966
end-of-epoch: true
epoch: 5
unixtime: 1743519290.0407782
